6d6d6148
20676e69
74736944
65636e61
2034323a
20202020
20202020
20202020
20202020
20202020
20202020
20202020
20202020
20202020
20202020
20202020
20202020
20202020
20202020
20202020
6d6d6148
20676e69
74736944
65636e61
2030363a
20202020
20202020
20202020
20202020
20202020
20202020
20202020
20202020
20202020
20202020
20202020
20202020
20202020
20202020
20202020
6d6d6148
20676e69
74736944
65636e61
2031303a
20202020
20202020
20202020
20202020
20202020
20202020
20202020
20202020
20202020
20202020
20202020
20202020
20202020
20202020
20202020
20202020
20202020
20202020
20202020
20202020
20202020
20202020
20202020
20202020
20202020
20202020
20202020
20202020
20202020
20202020
20202020
20202020
20202020
20202020
20202020
20202020
20202020
20202020
20202020
20202020
20202020
20202020
20202020
20202020
20202020
20202020
20202020
20202020
20202020
20202020
20202020
20202020
20202020
20202020
20202020
20202020
20202020
20202020
20202020
20202020
20202020
20202020
20202020
20202020
20202020
20202020
20202020
20202020
20202020
20202020
20202020
20202020
20202020
20202020
20202020
20202020
20202020
20202020
20202020
20202020
20202020
20202020
20202020
20202020
20202020
20202020
20202020
20202020
20202020
20202020
20202020
20202020
20202020
20202020
20202020
20202020
20202020
20202020
20202020
20202020
20202020
20202020
20202020
20202020
20202020
20202020
20202020
20202020
20202020
20202020
20202020
20202020
20202020
20202020
20202020
20202020
20202020
20202020
20202020
20202020
20202020
20202020
20202020
20202020
20202020
20202020
20202020
20202020
20202020
20202020
20202020
20202020
20202020
20202020
20202020
20202020
20202020
20202020
20202020
20202020
20202020
20202020
20202020
20202020
20202020
20202020
20202020
